 8.50000000e-01  1.69132037e+00 
 8.50500000e-01  1.69042461e+00 
 8.51000000e-01  1.68950590e+00 
 8.51500000e-01  1.68858097e+00 
 8.52000000e-01  1.68764380e+00 
 8.52500000e-01  1.68669404e+00 
 8.53000000e-01  1.68573132e+00 
 8.53500000e-01  1.68475525e+00 
 8.54000000e-01  1.68376543e+00 
 8.54500000e-01  1.68276141e+00 
 8.55000000e-01  1.68174276e+00 
 8.55500000e-01  1.68070899e+00 
 8.56000000e-01  1.67965961e+00 
 8.56500000e-01  1.67859408e+00 
 8.57000000e-01  1.67751185e+00 
 8.57500000e-01  1.67641233e+00 
 8.58000000e-01  1.67529488e+00 
 8.58500000e-01  1.67415886e+00 
 8.59000000e-01  1.67300354e+00 
 8.59500000e-01  1.67182819e+00 
 8.60000000e-01  1.67063201e+00 
 8.60500000e-01  1.66941414e+00 
 8.61000000e-01  1.66817369e+00 
 8.61500000e-01  1.66690968e+00 
 8.62000000e-01  1.66562107e+00 
 8.62500000e-01  1.66430676e+00 
 8.63000000e-01  1.66296555e+00 
 8.63500000e-01  1.66159616e+00 
 8.64000000e-01  1.66019720e+00 
 8.64500000e-01  1.65876717e+00 
 8.65000000e-01  1.65730446e+00 
 8.65500000e-01  1.65580730e+00 
 8.66000000e-01  1.65427378e+00 
 8.66500000e-01  1.65270183e+00 
 8.67000000e-01  1.65108917e+00 
 8.67500000e-01  1.64943330e+00 
 8.68000000e-01  1.64773148e+00 
 8.68500000e-01  1.64598070e+00 
 8.69000000e-01  1.64417761e+00 
 8.69500000e-01  1.64231853e+00 
 8.70000000e-01  1.64039931e+00 
 8.70500000e-01  1.63841538e+00 
 8.71000000e-01  1.63636155e+00 
 8.71500000e-01  1.63423203e+00 
 8.72000000e-01  1.63202024e+00 
 8.72500000e-01  1.62971870e+00 
 8.73000000e-01  1.62731889e+00 
 8.73500000e-01  1.62481100e+00 
 8.74000000e-01  1.62218372e+00 
 8.74500000e-01  1.61942392e+00 
 8.75000000e-01  1.61651625e+00 
 8.75500000e-01  1.61344266e+00 
 8.76000000e-01  1.61018177e+00 
 8.76500000e-01  1.60670809e+00 
 8.77000000e-01  1.60299106e+00 
 8.77500000e-01  1.59899370e+00 
 8.78000000e-01  1.59467107e+00 
 8.78500000e-01  1.58996823e+00 
 8.79000000e-01  1.58481778e+00 
 8.79500000e-01  1.57913698e+00 
 8.80000000e-01  1.57282468e+00 
 8.80500000e-01  1.56575858e+00 
 8.81000000e-01  1.55779408e+00 
 8.81500000e-01  1.54876673e+00 
 8.82000000e-01  1.53850104e+00 
 8.82500000e-01  1.52682794e+00 
 8.83000000e-01  1.51360969e+00 
 8.83500000e-01  1.49876529e+00 
 8.84000000e-01  1.48228495e+00 
 8.84500000e-01  1.46422613e+00 
 8.85000000e-01  1.44469403e+00 
 8.85500000e-01  1.42381730e+00 
 8.86000000e-01  1.40172840e+00 
 8.86500000e-01  1.37855210e+00 
 8.87000000e-01  1.35440093e+00 
 8.87500000e-01  1.32937484e+00 
 8.88000000e-01  1.30356284e+00 
 8.88500000e-01  1.27704509e+00 
 8.89000000e-01  1.24989501e+00 
 8.89500000e-01  1.22218096e+00 
 8.90000000e-01  1.19396763e+00 
 8.90500000e-01  1.16531704e+00 
 8.91000000e-01  1.13628938e+00 
 8.91500000e-01  1.10694358e+00 
 8.92000000e-01  1.07733778e+00 
 8.92500000e-01  1.04752975e+00 
 8.93000000e-01  1.01757718e+00 
 8.93500000e-01  9.87537935e-01 
 8.94000000e-01  9.57470321e-01 
 8.94500000e-01  9.27433264e-01 
 8.95000000e-01  8.97486495e-01 
 8.95500000e-01  8.67690709e-01 
 8.96000000e-01  8.38107686e-01 
 8.96500000e-01  8.08800384e-01 
 8.97000000e-01  7.79832987e-01 
 8.97500000e-01  7.51270896e-01 
 8.98000000e-01  7.23180656e-01 
 8.98500000e-01  6.95629791e-01 
 8.99000000e-01  6.68686534e-01 
 8.99500000e-01  6.42419426e-01 
 9.00000000e-01  6.16896770e-01 
 9.00500000e-01  5.92185904e-01 
 9.01000000e-01  5.68352289e-01 
 9.01500000e-01  5.45458390e-01 
 9.02000000e-01  5.23562356e-01 
 9.02500000e-01  5.02716522e-01 
 9.03000000e-01  4.82965765e-01 
 9.03500000e-01  4.64345795e-01 
 9.04000000e-01  4.46881489e-01 
 9.04500000e-01  4.30585400e-01 
 9.05000000e-01  4.15456620e-01 
 9.05500000e-01  4.01480147e-01 
 9.06000000e-01  3.88626939e-01 
 9.06500000e-01  3.76854724e-01 
 9.07000000e-01  3.66109581e-01 
 9.07500000e-01  3.56328196e-01 
 9.08000000e-01  3.47440561e-01 
 9.08500000e-01  3.39372868e-01 
 9.09000000e-01  3.32050279e-01 
 9.09500000e-01  3.25399359e-01 
 9.10000000e-01  3.19349987e-01 
 9.10500000e-01  3.13836713e-01 
 9.11000000e-01  3.08799561e-01 
 9.11500000e-01  3.04184382e-01 
 9.12000000e-01  2.99942847e-01 
 9.12500000e-01  2.96032196e-01 
 9.13000000e-01  2.92414836e-01 
 9.13500000e-01  2.89057861e-01 
 9.14000000e-01  2.85932541e-01 
 9.14500000e-01  2.83013830e-01 
 9.15000000e-01  2.80279896e-01 
 9.15500000e-01  2.77711702e-01 
 9.16000000e-01  2.75292622e-01 
 9.16500000e-01  2.73008117e-01 
 9.17000000e-01  2.70845440e-01 
 9.17500000e-01  2.68793391e-01 
 9.18000000e-01  2.66842105e-01 
 9.18500000e-01  2.64982867e-01 
 9.19000000e-01  2.63207956e-01 
 9.19500000e-01  2.61510514e-01 
 9.20000000e-01  2.59884431e-01 
 9.20500000e-01  2.58324249e-01 
 9.21000000e-01  2.56825076e-01 
 9.21500000e-01  2.55382520e-01 
 9.22000000e-01  2.53992622e-01 
 9.22500000e-01  2.52651807e-01 
 9.23000000e-01  2.51356838e-01 
 9.23500000e-01  2.50104778e-01 
 9.24000000e-01  2.48892952e-01 
 9.24500000e-01  2.47718921e-01 
 9.25000000e-01  2.46580457e-01 
 9.25500000e-01  2.45475518e-01 
 9.26000000e-01  2.44402229e-01 
 9.26500000e-01  2.43358865e-01 
 9.27000000e-01  2.42343837e-01 
 9.27500000e-01  2.41355677e-01 
 9.28000000e-01  2.40393029e-01 
 9.28500000e-01  2.39454632e-01 
 9.29000000e-01  2.38539321e-01 
 9.29500000e-01  2.37646008e-01 
 9.30000000e-01  2.36773682e-01 
 9.30500000e-01  2.35921400e-01 
 9.31000000e-01  2.35088280e-01 
 9.31500000e-01  2.34273500e-01 
 9.32000000e-01  2.33476287e-01 
 9.32500000e-01  2.32695916e-01 
 9.33000000e-01  2.31931709e-01 
 9.33500000e-01  2.31183026e-01 
 9.34000000e-01  2.30449265e-01 
 9.34500000e-01  2.29729859e-01 
 9.35000000e-01  2.29024273e-01 
 9.35500000e-01  2.28332002e-01 
 9.36000000e-01  2.27652568e-01 
 9.36500000e-01  2.26985519e-01 
 9.37000000e-01  2.26330426e-01 
 9.37500000e-01  2.25686883e-01 
 9.38000000e-01  2.25054505e-01 
 9.38500000e-01  2.24432926e-01 
 9.39000000e-01  2.23821796e-01 
 9.39500000e-01  2.23220785e-01 
 9.40000000e-01  2.22629577e-01 
 9.40500000e-01  2.22047871e-01 
 9.41000000e-01  2.21475381e-01 
 9.41500000e-01  2.20911832e-01 
 9.42000000e-01  2.20356962e-01 
 9.42500000e-01  2.19810522e-01 
 9.43000000e-01  2.19272272e-01 
 9.43500000e-01  2.18741984e-01 
 9.44000000e-01  2.18219437e-01 
 9.44500000e-01  2.17704422e-01 
 9.45000000e-01  2.17196737e-01 
 9.45500000e-01  2.16696188e-01 
 9.46000000e-01  2.16202590e-01 
 9.46500000e-01  2.15715764e-01 
 9.47000000e-01  2.15235539e-01 
 9.47500000e-01  2.14761750e-01 
 9.48000000e-01  2.14294238e-01 
 9.48500000e-01  2.13832849e-01 
 9.49000000e-01  2.13377438e-01 
 9.49500000e-01  2.12927862e-01 
 9.50000000e-01  2.12483983e-01 
