 2.40000000e+00  4.87197245e+00 
 2.40100000e+00  4.87100024e+00 
 2.40200000e+00  4.87002127e+00 
 2.40300000e+00  4.86903836e+00 
 2.40400000e+00  4.86804752e+00 
 2.40500000e+00  4.86704864e+00 
 2.40600000e+00  4.86604159e+00 
 2.40700000e+00  4.86502622e+00 
 2.40800000e+00  4.86400241e+00 
 2.40900000e+00  4.86297002e+00 
 2.41000000e+00  4.86192889e+00 
 2.41100000e+00  4.86087887e+00 
 2.41200000e+00  4.85981982e+00 
 2.41300000e+00  4.85875157e+00 
 2.41400000e+00  4.85767397e+00 
 2.41500000e+00  4.85658683e+00 
 2.41600000e+00  4.85548998e+00 
 2.41700000e+00  4.85438326e+00 
 2.41800000e+00  4.85326646e+00 
 2.41900000e+00  4.85213941e+00 
 2.42000000e+00  4.85100190e+00 
 2.42100000e+00  4.84985372e+00 
 2.42200000e+00  4.84869468e+00 
 2.42300000e+00  4.84752455e+00 
 2.42400000e+00  4.84634310e+00 
 2.42500000e+00  4.84515011e+00 
 2.42600000e+00  4.84394533e+00 
 2.42700000e+00  4.84272852e+00 
 2.42800000e+00  4.84149941e+00 
 2.42900000e+00  4.84025773e+00 
 2.43000000e+00  4.83900322e+00 
 2.43100000e+00  4.83773558e+00 
 2.43200000e+00  4.83645451e+00 
 2.43300000e+00  4.83515970e+00 
 2.43400000e+00  4.83385083e+00 
 2.43500000e+00  4.83252757e+00 
 2.43600000e+00  4.83118956e+00 
 2.43700000e+00  4.82983645e+00 
 2.43800000e+00  4.82846784e+00 
 2.43900000e+00  4.82708336e+00 
 2.44000000e+00  4.82568258e+00 
 2.44100000e+00  4.82426509e+00 
 2.44200000e+00  4.82283042e+00 
 2.44300000e+00  4.82137811e+00 
 2.44400000e+00  4.81990768e+00 
 2.44500000e+00  4.81841860e+00 
 2.44600000e+00  4.81691034e+00 
 2.44700000e+00  4.81538234e+00 
 2.44800000e+00  4.81383400e+00 
 2.44900000e+00  4.81226470e+00 
 2.45000000e+00  4.81067379e+00 
 2.45100000e+00  4.80906057e+00 
 2.45200000e+00  4.80742433e+00 
 2.45300000e+00  4.80576429e+00 
 2.45400000e+00  4.80407964e+00 
 2.45500000e+00  4.80236954e+00 
 2.45600000e+00  4.80063307e+00 
 2.45700000e+00  4.79886928e+00 
 2.45800000e+00  4.79707713e+00 
 2.45900000e+00  4.79525556e+00 
 2.46000000e+00  4.79340340e+00 
 2.46100000e+00  4.79151943e+00 
 2.46200000e+00  4.78960231e+00 
 2.46300000e+00  4.78765066e+00 
 2.46400000e+00  4.78566296e+00 
 2.46500000e+00  4.78363757e+00 
 2.46600000e+00  4.78157277e+00 
 2.46700000e+00  4.77946665e+00 
 2.46800000e+00  4.77731718e+00 
 2.46900000e+00  4.77512216e+00 
 2.47000000e+00  4.77287916e+00 
 2.47100000e+00  4.77058558e+00 
 2.47200000e+00  4.76823853e+00 
 2.47300000e+00  4.76583488e+00 
 2.47400000e+00  4.76337115e+00 
 2.47500000e+00  4.76084350e+00 
 2.47600000e+00  4.75824769e+00 
 2.47700000e+00  4.75557895e+00 
 2.47800000e+00  4.75283196e+00 
 2.47900000e+00  4.75000072e+00 
 2.48000000e+00  4.74707842e+00 
 2.48100000e+00  4.74405729e+00 
 2.48200000e+00  4.74092839e+00 
 2.48300000e+00  4.73768136e+00 
 2.48400000e+00  4.73430407e+00 
 2.48500000e+00  4.73078218e+00 
 2.48600000e+00  4.72709849e+00 
 2.48700000e+00  4.72323214e+00 
 2.48800000e+00  4.71915739e+00 
 2.48900000e+00  4.71484181e+00 
 2.49000000e+00  4.71024362e+00 
 2.49100000e+00  4.70530740e+00 
 2.49200000e+00  4.69995693e+00 
 2.49300000e+00  4.69408225e+00 
 2.49400000e+00  4.68751423e+00 
 2.49500000e+00  4.67996765e+00 
 2.49600000e+00  4.67088689e+00 
 2.49700000e+00  4.65886629e+00 
 2.49800000e+00  4.61365759e+00 
 2.49900000e+00  4.27203005e+00 
 2.50000000e+00  3.93179004e+00 
 2.50100000e+00  3.59167893e+00 
 2.50200000e+00  3.25212727e+00 
 2.50300000e+00  2.91314289e+00 
 2.50400000e+00  2.57473352e+00 
 2.50500000e+00  2.23690682e+00 
 2.50600000e+00  1.89967041e+00 
 2.50700000e+00  1.78672614e+00 
 2.50800000e+00  1.77515527e+00 
 2.50900000e+00  1.76876979e+00 
 2.51000000e+00  1.76314780e+00 
 2.51100000e+00  1.75807767e+00 
 2.51200000e+00  1.75360636e+00 
 2.51300000e+00  1.74958506e+00 
 2.51400000e+00  1.74591336e+00 
 2.51500000e+00  1.74252472e+00 
 2.51600000e+00  1.73937117e+00 
 2.51700000e+00  1.73641682e+00 
 2.51800000e+00  1.73363395e+00 
 2.51900000e+00  1.73100068e+00 
 2.52000000e+00  1.72849938e+00 
 2.52100000e+00  1.72611557e+00 
 2.52200000e+00  1.72383721e+00 
 2.52300000e+00  1.72165415e+00 
 2.52400000e+00  1.71955777e+00 
 2.52500000e+00  1.71754062e+00 
 2.52600000e+00  1.71559627e+00 
 2.52700000e+00  1.71371908e+00 
 2.52800000e+00  1.71190409e+00 
 2.52900000e+00  1.71014693e+00 
 2.53000000e+00  1.70844367e+00 
 2.53100000e+00  1.70679084e+00 
 2.53200000e+00  1.70518528e+00 
 2.53300000e+00  1.70362416e+00 
 2.53400000e+00  1.70210491e+00 
 2.53500000e+00  1.70062519e+00 
 2.53600000e+00  1.69918286e+00 
 2.53700000e+00  1.69777596e+00 
 2.53800000e+00  1.69640271e+00 
 2.53900000e+00  1.69506145e+00 
 2.54000000e+00  1.69375064e+00 
 2.54100000e+00  1.69246888e+00 
 2.54200000e+00  1.69121486e+00 
 2.54300000e+00  1.68998736e+00 
 2.54400000e+00  1.68878524e+00 
 2.54500000e+00  1.68760744e+00 
 2.54600000e+00  1.68645297e+00 
 2.54700000e+00  1.68532090e+00 
 2.54800000e+00  1.68421037e+00 
 2.54900000e+00  1.68312056e+00 
 2.55000000e+00  1.68205069e+00 
 2.55100000e+00  1.68100005e+00 
 2.55200000e+00  1.67996794e+00 
 2.55300000e+00  1.67895373e+00 
 2.55400000e+00  1.67795680e+00 
 2.55500000e+00  1.67697657e+00 
 2.55600000e+00  1.67601249e+00 
 2.55700000e+00  1.67506405e+00 
 2.55800000e+00  1.67413074e+00 
 2.55900000e+00  1.67321210e+00 
 2.56000000e+00  1.67230769e+00 
 2.56100000e+00  1.67141706e+00 
 2.56200000e+00  1.67053983e+00 
 2.56300000e+00  1.66967559e+00 
 2.56400000e+00  1.66882398e+00 
 2.56500000e+00  1.66798464e+00 
 2.56600000e+00  1.66715724e+00 
 2.56700000e+00  1.66634144e+00 
 2.56800000e+00  1.66553695e+00 
 2.56900000e+00  1.66474346e+00 
 2.57000000e+00  1.66396068e+00 
 2.57100000e+00  1.66318834e+00 
 2.57200000e+00  1.66242617e+00 
 2.57300000e+00  1.66167393e+00 
 2.57400000e+00  1.66093137e+00 
 2.57500000e+00  1.66019825e+00 
 2.57600000e+00  1.65947434e+00 
 2.57700000e+00  1.65875944e+00 
 2.57800000e+00  1.65805333e+00 
 2.57900000e+00  1.65735581e+00 
 2.58000000e+00  1.65666668e+00 
 2.58100000e+00  1.65598576e+00 
 2.58200000e+00  1.65531286e+00 
 2.58300000e+00  1.65464781e+00 
 2.58400000e+00  1.65399043e+00 
 2.58500000e+00  1.65334057e+00 
 2.58600000e+00  1.65269807e+00 
 2.58700000e+00  1.65206276e+00 
 2.58800000e+00  1.65143451e+00 
 2.58900000e+00  1.65081317e+00 
 2.59000000e+00  1.65019859e+00 
 2.59100000e+00  1.64959065e+00 
 2.59200000e+00  1.64898921e+00 
 2.59300000e+00  1.64839414e+00 
 2.59400000e+00  1.64780533e+00 
 2.59500000e+00  1.64722265e+00 
 2.59600000e+00  1.64664598e+00 
 2.59700000e+00  1.64607521e+00 
 2.59800000e+00  1.64551024e+00 
 2.59900000e+00  1.64495095e+00 
 2.60000000e+00  1.64439725e+00 
