 8.50000000e-01  1.69740306e+00 
 8.50500000e-01  1.69653983e+00 
 8.51000000e-01  1.69565454e+00 
 8.51500000e-01  1.69476329e+00 
 8.52000000e-01  1.69386030e+00 
 8.52500000e-01  1.69294523e+00 
 8.53000000e-01  1.69201773e+00 
 8.53500000e-01  1.69107744e+00 
 8.54000000e-01  1.69012398e+00 
 8.54500000e-01  1.68915694e+00 
 8.55000000e-01  1.68817591e+00 
 8.55500000e-01  1.68718043e+00 
 8.56000000e-01  1.68617005e+00 
 8.56500000e-01  1.68514426e+00 
 8.57000000e-01  1.68410255e+00 
 8.57500000e-01  1.68304436e+00 
 8.58000000e-01  1.68196911e+00 
 8.58500000e-01  1.68087619e+00 
 8.59000000e-01  1.67976494e+00 
 8.59500000e-01  1.67863467e+00 
 8.60000000e-01  1.67748464e+00 
 8.60500000e-01  1.67631407e+00 
 8.61000000e-01  1.67512212e+00 
 8.61500000e-01  1.67390789e+00 
 8.62000000e-01  1.67267044e+00 
 8.62500000e-01  1.67140873e+00 
 8.63000000e-01  1.67012168e+00 
 8.63500000e-01  1.66880812e+00 
 8.64000000e-01  1.66746676e+00 
 8.64500000e-01  1.66609624e+00 
 8.65000000e-01  1.66469510e+00 
 8.65500000e-01  1.66326173e+00 
 8.66000000e-01  1.66179440e+00 
 8.66500000e-01  1.66029122e+00 
 8.67000000e-01  1.65875014e+00 
 8.67500000e-01  1.65716891e+00 
 8.68000000e-01  1.65554507e+00 
 8.68500000e-01  1.65387592e+00 
 8.69000000e-01  1.65215847e+00 
 8.69500000e-01  1.65038942e+00 
 8.70000000e-01  1.64856511e+00 
 8.70500000e-01  1.64668148e+00 
 8.71000000e-01  1.64473396e+00 
 8.71500000e-01  1.64271744e+00 
 8.72000000e-01  1.64062617e+00 
 8.72500000e-01  1.63845363e+00 
 8.73000000e-01  1.63619240e+00 
 8.73500000e-01  1.63383400e+00 
 8.74000000e-01  1.63136869e+00 
 8.74500000e-01  1.62878521e+00 
 8.75000000e-01  1.62607046e+00 
 8.75500000e-01  1.62320911e+00 
 8.76000000e-01  1.62018308e+00 
 8.76500000e-01  1.61697096e+00 
 8.77000000e-01  1.61354711e+00 
 8.77500000e-01  1.60988068e+00 
 8.78000000e-01  1.60593429e+00 
 8.78500000e-01  1.60166224e+00 
 8.79000000e-01  1.59700842e+00 
 8.79500000e-01  1.59190361e+00 
 8.80000000e-01  1.58626223e+00 
 8.80500000e-01  1.57997884e+00 
 8.81000000e-01  1.57292479e+00 
 8.81500000e-01  1.56494642e+00 
 8.82000000e-01  1.55586708e+00 
 8.82500000e-01  1.54549632e+00 
 8.83000000e-01  1.53364911e+00 
 8.83500000e-01  1.52017437e+00 
 8.84000000e-01  1.50498443e+00 
 8.84500000e-01  1.48807176e+00 
 8.85000000e-01  1.46950361e+00 
 8.85500000e-01  1.44939872e+00 
 8.86000000e-01  1.42789915e+00 
 8.86500000e-01  1.40514859e+00 
 8.87000000e-01  1.38128037e+00 
 8.87500000e-01  1.35641332e+00 
 8.88000000e-01  1.33065201e+00 
 8.88500000e-01  1.30408894e+00 
 8.89000000e-01  1.27680708e+00 
 8.89500000e-01  1.24888213e+00 
 8.90000000e-01  1.22038443e+00 
 8.90500000e-01  1.19138043e+00 
 8.91000000e-01  1.16193371e+00 
 8.91500000e-01  1.13210589e+00 
 8.92000000e-01  1.10195723e+00 
 8.92500000e-01  1.07154711e+00 
 8.93000000e-01  1.04093447e+00 
 8.93500000e-01  1.01017814e+00 
 8.94000000e-01  9.79337118e-01 
 8.94500000e-01  9.48470846e-01 
 8.95000000e-01  9.17639426e-01 
 8.95500000e-01  8.86903839e-01 
 8.96000000e-01  8.56326124e-01 
 8.96500000e-01  8.25969537e-01 
 8.97000000e-01  7.95898677e-01 
 8.97500000e-01  7.66179562e-01 
 8.98000000e-01  7.36879659e-01 
 8.98500000e-01  7.08067837e-01 
 8.99000000e-01  6.79814222e-01 
 8.99500000e-01  6.52189954e-01 
 9.00000000e-01  6.25266784e-01 
 9.00500000e-01  5.99116518e-01 
 9.01000000e-01  5.73810261e-01 
 9.01500000e-01  5.49417434e-01 
 9.02000000e-01  5.26004563e-01 
 9.02500000e-01  5.03633823e-01 
 9.03000000e-01  4.82361352e-01 
 9.03500000e-01  4.62235390e-01 
 9.04000000e-01  4.43294316e-01 
 9.04500000e-01  4.25564711e-01 
 9.05000000e-01  4.09059619e-01 
 9.05500000e-01  3.93777204e-01 
 9.06000000e-01  3.79700019e-01 
 9.06500000e-01  3.66795080e-01 
 9.07000000e-01  3.55014862e-01 
 9.07500000e-01  3.44299204e-01 
 9.08000000e-01  3.34577990e-01 
 9.08500000e-01  3.25774326e-01 
 9.09000000e-01  3.17807857e-01 
 9.09500000e-01  3.10597890e-01 
 9.10000000e-01  3.04066022e-01 
 9.10500000e-01  2.98138143e-01 
 9.11000000e-01  2.92745757e-01 
 9.11500000e-01  2.87826693e-01 
 9.12000000e-01  2.83325315e-01 
 9.12500000e-01  2.79192373e-01 
 9.13000000e-01  2.75384614e-01 
 9.13500000e-01  2.71864266e-01 
 9.14000000e-01  2.68598459e-01 
 9.14500000e-01  2.65558645e-01 
 9.15000000e-01  2.62720046e-01 
 9.15500000e-01  2.60061153e-01 
 9.16000000e-01  2.57563269e-01 
 9.16500000e-01  2.55210115e-01 
 9.17000000e-01  2.52987490e-01 
 9.17500000e-01  2.50882970e-01 
 9.18000000e-01  2.48885657e-01 
 9.18500000e-01  2.46985967e-01 
 9.19000000e-01  2.45175444e-01 
 9.19500000e-01  2.43446604e-01 
 9.20000000e-01  2.41792806e-01 
 9.20500000e-01  2.40208136e-01 
 9.21000000e-01  2.38687313e-01 
 9.21500000e-01  2.37225611e-01 
 9.22000000e-01  2.35818780e-01 
 9.22500000e-01  2.34462998e-01 
 9.23000000e-01  2.33154810e-01 
 9.23500000e-01  2.31891089e-01 
 9.24000000e-01  2.30668996e-01 
 9.24500000e-01  2.29485949e-01 
 9.25000000e-01  2.28339591e-01 
 9.25500000e-01  2.27227770e-01 
 9.26000000e-01  2.26148511e-01 
 9.26500000e-01  2.25100003e-01 
 9.27000000e-01  2.24080580e-01 
 9.27500000e-01  2.23088704e-01 
 9.28000000e-01  2.22122957e-01 
 9.28500000e-01  2.21182025e-01 
 9.29000000e-01  2.20264692e-01 
 9.29500000e-01  2.19369827e-01 
 9.30000000e-01  2.18496380e-01 
 9.30500000e-01  2.17643370e-01 
 9.31000000e-01  2.16809886e-01 
 9.31500000e-01  2.15995073e-01 
 9.32000000e-01  2.15198133e-01 
 9.32500000e-01  2.14418318e-01 
 9.33000000e-01  2.13654927e-01 
 9.33500000e-01  2.12907300e-01 
 9.34000000e-01  2.12174817e-01 
 9.34500000e-01  2.11456896e-01 
 9.35000000e-01  2.10752985e-01 
 9.35500000e-01  2.10062565e-01 
 9.36000000e-01  2.09385146e-01 
 9.36500000e-01  2.08720264e-01 
 9.37000000e-01  2.08067480e-01 
 9.37500000e-01  2.07426377e-01 
 9.38000000e-01  2.06796561e-01 
 9.38500000e-01  2.06177656e-01 
 9.39000000e-01  2.05569308e-01 
 9.39500000e-01  2.04971177e-01 
 9.40000000e-01  2.04382941e-01 
 9.40500000e-01  2.03804293e-01 
 9.41000000e-01  2.03234939e-01 
 9.41500000e-01  2.02674602e-01 
 9.42000000e-01  2.02123014e-01 
 9.42500000e-01  2.01579920e-01 
 9.43000000e-01  2.01045077e-01 
 9.43500000e-01  2.00518251e-01 
 9.44000000e-01  1.99999221e-01 
 9.44500000e-01  1.99487771e-01 
 9.45000000e-01  1.98983697e-01 
 9.45500000e-01  1.98486802e-01 
 9.46000000e-01  1.97996898e-01 
 9.46500000e-01  1.97513804e-01 
 9.47000000e-01  1.97037345e-01 
 9.47500000e-01  1.96567354e-01 
 9.48000000e-01  1.96103670e-01 
 9.48500000e-01  1.95646138e-01 
 9.49000000e-01  1.95194609e-01 
 9.49500000e-01  1.94748939e-01 
 9.50000000e-01  1.94308990e-01 
